.Random.seed <-
c(403L, 243L, 447518005L, -2144033588L, -600142302L, -918790019L, 
807745911L, -783231330L, 1052144984L, 259519675L, -465671591L, 
-1586155032L, 1003037718L, 786575249L, -760262589L, -240461998L, 
1785273316L, 1004978727L, -428139907L, 7168884L, 194215770L, 
-1549583963L, -1917176385L, -1005443514L, 599508176L, 288276211L, 
-997726191L, -938095040L, 1898865182L, 1749429481L, -78211557L, 
-317708758L, -109414068L, 715621135L, -1755548091L, 2092642300L, 
1773606482L, -252810291L, 280577415L, 1055785070L, 1417525320L, 
-697050549L, -601401431L, 129611512L, 853295654L, -1851155647L, 
2094678227L, 92333186L, 9863860L, 110343735L, -1320542931L, -1769482684L, 
-1835611286L, -1448069163L, -882019985L, 83500150L, -227133536L, 
1807937635L, 1503155457L, 1625208944L, 1196246030L, -580635527L, 
-1540561909L, 1152093498L, -653964228L, -1269011585L, 739907797L, 
-586449684L, 900658754L, 1403087261L, -1472877545L, 806719870L, 
-2048686280L, 1054896155L, -1618312839L, -1440897080L, 329231350L, 
2001002033L, 11335779L, -1933830094L, -167250556L, -2034361401L, 
1827786397L, -673634796L, -1001694022L, -1655576315L, 1939786463L, 
-235645082L, 1176162032L, -767764973L, 351109041L, -1869747616L, 
326137854L, 321214345L, -55279429L, 92568714L, 1990598508L, -1646965521L, 
-216078555L, 921907676L, 545361842L, -1503848787L, -1290047897L, 
687443342L, -1811649944L, 1374234219L, -2034221047L, 1897291416L, 
252651974L, -479733471L, 1578178995L, 1306543394L, -1706647788L, 
945727383L, -1683101811L, -303482204L, 1625437322L, -833246475L, 
-966828721L, 1096890966L, 910321920L, -1045164989L, 1909448673L, 
-1639862448L, -1936080466L, 756076377L, -62814869L, -335229734L, 
-1915091556L, -99956321L, -730248203L, -1784444276L, -98672798L, 
-795254979L, 1886246839L, -491146146L, 1421560216L, 1521749243L, 
-683652967L, 742431016L, -739475498L, 813673553L, 2020181763L, 
1376980626L, 833670180L, 1461973735L, -1275238595L, -1364871244L, 
-840647654L, -1438652571L, 555519L, -239741818L, -206342128L, 
1378609843L, -1213044399L, -1867781888L, 1770597342L, -1737410519L, 
975712219L, -1468863254L, 1996659340L, 151512527L, 693844357L, 
2113643068L, -994076910L, 1372249101L, -918710457L, -1055468242L, 
-181074808L, -186682997L, -810227351L, 780452664L, -1974817306L, 
1819998593L, 392711443L, -800224574L, 1567430004L, -2030312073L, 
-1736749459L, -309952252L, 996553770L, -826340971L, -754672081L, 
24378166L, 949724000L, -1233745501L, 1207597761L, -844942672L, 
-1844515378L, 1554972985L, 666746187L, -917719302L, 775976956L, 
-1933305793L, 267641109L, 731408940L, 1726666498L, 1030001629L, 
-870244649L, -1766667842L, -762483720L, 1311834075L, -2039926215L, 
-1403440248L, 707932982L, 1567953265L, -1136940125L, 686267122L, 
1339947588L, 1470801159L, 121347293L, 1963694548L, 868138234L, 
-1250507707L, 32240799L, -1178823130L, 872403632L, -661659821L, 
332212849L, 53352352L, -326860994L, 23643721L, -191798533L, 1150575306L, 
-1730198484L, 1327529007L, -15444763L, -1526293092L, 1294196722L, 
2093876410L, 383633040L, -1640804628L, 827525716L, 286941842L, 
991187232L, 1418705356L, -633400608L, -1907300158L, 566686760L, 
786941868L, -1942203716L, -205132814L, 1091776048L, 119355300L, 
-630661704L, -327547046L, -136085360L, 1821725564L, 117358868L, 
-1596118718L, 672307456L, 1281559996L, -1810249392L, -415794910L, 
1307288136L, 1720920076L, -668490148L, -2131543598L, 695954944L, 
-321770156L, -1954038552L, -2119862022L, -61071664L, 1507916588L, 
856705268L, 1617224082L, -520043168L, 606389260L, 809540832L, 
-1193569694L, -453921624L, 1404273740L, 1902014332L, 269904178L, 
-67722640L, 164524868L, -1377178664L, -670434438L, 1810348080L, 
-1956491332L, 1222359636L, -1516699582L, -1453832544L, -1228975428L, 
-967957552L, 870643042L, -2088599832L, 1923521740L, 80538108L, 
-143438350L, -1802044288L, -2058958348L, 955355784L, 790707002L, 
2132682064L, 815760492L, -1757733484L, -815224750L, -1411002912L, 
-193624884L, -1331671392L, -46980734L, 802730216L, 2041096940L, 
-1267180228L, 1458391154L, 221213296L, -1887274460L, 946440248L, 
157911322L, 1355527376L, -728798916L, 486929300L, 1572214658L, 
1336875968L, 949360188L, 497258896L, 1383086114L, 430087432L, 
801556620L, -1347420388L, -1073267566L, -1540878976L, 221941780L, 
1002571560L, -731236806L, -1213036080L, 1346617708L, 1194183604L, 
-254668270L, -1309759520L, -622917172L, -444364576L, -139373534L, 
-1046430936L, 1648343564L, 1096741692L, 1481005042L, -976551184L, 
-568288700L, -669956520L, -706238662L, 1134008304L, 641927868L, 
706778388L, -1420870462L, -1795765152L, 256724348L, 46809040L, 
152131874L, 1518718632L, -1739571316L, -1848490820L, -1083415758L, 
1941997120L, -658148172L, 1461115976L, -1316266566L, 149412368L, 
-2094474004L, 292708692L, 994237202L, 524780960L, 1269748428L, 
-617080224L, -743483454L, -2111401176L, -303824468L, -1329306308L, 
1408271218L, -131533520L, 399941412L, -1962134216L, -1420249382L, 
234215312L, -2125257988L, 1379318676L, 1941865538L, 1519758592L, 
-175165380L, -583049904L, -541182814L, 1497156424L, 358137612L, 
743268060L, 1114769234L, 1840264832L, 2000334932L, -504359960L, 
1873136378L, -453608112L, -33192148L, -1026405516L, -1046207598L, 
2114452064L, -1710903412L, 1081861984L, -1186255902L, -1112101976L, 
-870290228L, -1526228484L, 771399602L, 664858096L, 211774916L, 
2013839704L, -947014278L, 1779436976L, 827679676L, 160594004L, 
-2094256190L, -1409824736L, 379314364L, 1929034320L, 654882786L, 
1465355880L, -1686671796L, -1059432196L, 1417232370L, 570234112L, 
605211508L, 1637304328L, 1997834682L, -1998688816L, 1100096492L, 
-782885996L, -2127270958L, 161386336L, -795477684L, -1460874976L, 
-2130194558L, 556740328L, 741435628L, -599179716L, -773123214L, 
-205998480L, 548113444L, -224542920L, 1655840922L, -1507756336L, 
268358844L, 22772372L, 1469745794L, 1523732672L, 1572390204L, 
1126996112L, 1167130146L, -1692886520L, -907430644L, -838794596L, 
-429287918L, -1758977664L, -1375444460L, -493961688L, -253550278L, 
738892752L, 180153964L, -1000639005L, 2037615525L, 1385134658L, 
569006128L, -1746346919L, 656179659L, -1156500932L, -2008982422L, 
1358151327L, 1679311657L, -1907626050L, -1855840596L, 1889723389L, 
1371093831L, -1898660816L, -329118386L, 290022779L, -1753292067L, 
-875609334L, 2080506408L, 1817967249L, 151775875L, -1431725180L, 
-985423438L, 463781639L, 1953029457L, -2059299626L, -1491418700L, 
1939961285L, 1862300943L, 970584968L, -220235098L, 1826294355L, 
-1322507339L, -208928494L, 988717792L, -462149815L, -1583744645L, 
-1007553460L, 667354586L, 843352015L, -1380353639L, -1538000466L, 
1095472828L, -1877383379L, -716004137L, -1534063328L, -1923646850L, 
1990673483L, 627041869L, 1451752570L, 920059064L, 414611041L, 
-1767248877L, 190065204L, -442139582L, -66341801L, -747479135L, 
-1997901722L, 371812452L, 1687061397L, -399989569L, 2070455384L, 
1210065014L, -953634685L, 1987666117L, -1572373022L, -2047982512L, 
306957689L, -1928727893L, 80562716L, -1502907062L, 713575743L, 
725765001L, -1428151394L, -965664180L, -2090449891L, 2146237863L, 
842387664L, 65938030L, -1442906853L, 1443219069L, 1817592938L, 
1247891720L, -20281935L, 404578851L, -1570666716L, 342835154L, 
-1485149145L, 292046449L, -977167178L, -124744620L, 285111525L, 
-1658511121L, -1669782488L, 66580614L, 891005619L, -80876523L, 
-1864429966L, 17132224L, 166367017L, -685539941L, 1656523372L, 
-2106147206L, 1191538607L, -876479815L, -84814642L, 1660562972L, 
-2045684339L, -207637513L, 956184320L, -1014801058L, 1452009003L, 
2004617517L, -1982343782L, 1993229144L, 1344862913L, -405721741L, 
-935997804L, 123759394L, -726555081L, 203055873L, 1711286790L, 
-1234864060L, 1051244917L, 343088351L, 92676152L, 950487062L, 
1654224931L, 247678949L, 1064075778L, 1704370288L, -664070631L, 
1632471051L, -1395670276L, -1551264982L, 2043303263L, -251589399L, 
1836321790L, -1953466388L, -1863347395L, -1064591609L, -1616251152L, 
-1492789618L, 1516343483L, 1190016157L, 716367946L, 1218533992L, 
