.Random.seed <-
c(403L, 73L, 6985032L, 941121654L, 895159729L, -1150176285L, 
1102213298L, -1088594684L, -1552499129L, 1885751581L, 905627540L, 
1053035322L, 434034565L, -33520545L, -2018488602L, -1209502352L, 
-801915245L, -1053046991L, 1648180704L, 1497606782L, -138823415L, 
-2082809029L, -1148161270L, 345594604L, -1333192849L, -1731897179L, 
73536092L, -1866898894L, 1223117101L, 1204785127L, -78301426L, 
-1355372312L, 1308162795L, -515271799L, -303894760L, 1175327302L, 
652382881L, -70347469L, -359994206L, -694942828L, -511174121L, 
1235574285L, 1760459556L, -88185078L, -342939019L, -352593457L, 
1125655254L, -882506112L, 495585475L, 1821763169L, 1744846544L, 
-1796610002L, 1288560089L, -793214485L, -2083158950L, -61768164L, 
2060963615L, -1048861835L, -1238824436L, 1664912354L, 449362109L, 
-689789129L, -862113826L, -1706386152L, -1231998853L, -1859410407L, 
607456936L, -1717388202L, -1876059951L, 225723523L, -1065326830L, 
1525842596L, 1637764711L, -571359299L, 1686450484L, -1866419558L, 
-992825115L, 670823039L, 927022086L, -802599024L, 29209139L, 
110782929L, 1062943616L, 2029254238L, 336113065L, 1896119387L, 
-1517198230L, 1406475532L, -1806565553L, 1170013189L, -795139396L, 
449541010L, 888713357L, -13498681L, 591876014L, 1778153992L, 
1804090891L, 1742239465L, -1902145096L, 246689382L, 1845177089L, 
-2123203181L, -972319166L, 506857972L, -1526565897L, -1752135699L, 
2066309252L, -1092323670L, -30200811L, 661331119L, 1689506486L, 
347836640L, 1369119779L, -1340988607L, -525455824L, -515765170L, 
975340729L, 1179386059L, 785214842L, 934850684L, -635759425L, 
-421338731L, -850531924L, 1179073410L, 511672669L, 1789902935L, 
108664638L, -1330225288L, 809595995L, -547552327L, -424361464L, 
1377298614L, 1567281137L, -2104985053L, -1188007310L, -1647548220L, 
-664600953L, -1542867363L, 564451412L, -1050137990L, -418311739L, 
1058554655L, 1120530086L, 1860698160L, -1981832493L, -232105743L, 
-811473888L, -1684856130L, 791086793L, 782877819L, -1285981622L, 
-1026048340L, -264242769L, 1774047589L, -1855324388L, 1301635954L, 
809164781L, -754970585L, 247662670L, 1071721640L, 467681963L, 
-795424823L, 1208564696L, -298481018L, 1627728737L, 1308634867L, 
621998434L, 1749118932L, 2042641111L, -1425203L, 2065643620L, 
59709002L, 1487840181L, 710295311L, -364823530L, -1439758656L, 
-1388257149L, 1662901409L, 1814262416L, 1358098798L, 578449177L, 
1485480875L, -1777856102L, 1483089244L, -1945379745L, -1376689099L, 
-1091526708L, 46291746L, -331750019L, 60745335L, -803471458L, 
-1187094952L, -172427333L, 1921620313L, 2081690344L, -1270609130L, 
2134940817L, 1665249603L, 281189458L, -91201820L, 971737383L, 
196405629L, 2012291188L, 295944794L, -1700966747L, 195706047L, 
1313439558L, -2047443504L, 254279667L, -1142167791L, -13228224L, 
-2028843234L, 817487849L, -1881934565L, 1970638634L, 740294732L, 
1706756111L, 362283845L, 1369253116L, -1987005614L, 538993869L, 
1237206151L, 1157119854L, 764023112L, -1045228213L, -565806935L, 
882854392L, 141498662L, -1679062463L, -230803224L, 1004206316L, 
-1854031812L, -503299982L, -980047760L, -1874853340L, 818397752L, 
1655425562L, -307089200L, 1970517564L, -216544108L, -845278078L, 
1787480000L, -1530139332L, 1941167760L, -499305438L, -489811960L, 
737385612L, 778649628L, -1318714222L, 2061200512L, 1508467732L, 
1552720680L, -242895814L, -590730032L, -1817783188L, -1024837964L, 
297500690L, 1307099104L, -820204596L, -1308549664L, -373027806L, 
516281640L, 989985036L, -535425476L, -1396718350L, 723785968L, 
-440821948L, 408817752L, 1438671418L, -1397634832L, -1772166468L, 
1858914836L, -1495528254L, -858466720L, -60054148L, -272718640L, 
1710232610L, -1757681496L, -823206516L, -1092337220L, -181909454L, 
1675072320L, -1551655244L, -231665336L, -412593478L, 1546559248L, 
1861427436L, -976635820L, -720779502L, 1645691296L, -302946356L, 
125902688L, -1431122750L, -769716696L, -1413928532L, 361489212L, 
772309874L, 1351388976L, 1393500196L, -1152557512L, -2089340198L, 
-371591280L, -656272132L, 826437012L, 111919938L, -558036480L, 
-173291460L, -1432133040L, 420208802L, -1834261688L, 1338079756L, 
-571696420L, 1727180882L, 966724736L, 1685997396L, 796696552L, 
1374319354L, 1946281808L, 698713132L, -1478555276L, -1418342766L, 
-793558432L, 385003660L, -81505952L, 1607448802L, 2030480552L, 
841332428L, -890078724L, -481154126L, 291931120L, 135233988L, 
2082913624L, -1276251782L, -1405783632L, -900830788L, 1239326292L, 
1447606722L, -1276878048L, 47567804L, -1686097840L, -1840800798L, 
672055144L, -1348716724L, -1998819588L, 389474034L, -728654592L, 
1708989556L, 1379700232L, -189389382L, 339944912L, 1349429228L, 
-3740780L, 1648003282L, -473140128L, -642241204L, -405023968L, 
-1299592574L, 895767016L, 1577720812L, -1462563268L, -9468302L, 
1994320752L, -1384043228L, 1629952568L, -73645670L, -656413232L, 
-557136452L, 896839316L, 1085698690L, -1822495296L, 424990524L, 
1090044560L, -2041305310L, 590628360L, -1608162548L, -439020644L, 
822139922L, 1667181440L, -1581618412L, 1639003432L, 233259066L, 
1327920080L, 1673460332L, -1577300940L, -1260392302L, -89220768L, 
1632099660L, -181094944L, -502621278L, -984351832L, -2007421812L, 
-680205380L, 694129778L, -491018256L, 249934916L, -1938642856L, 
-1728688070L, -312825744L, 1337331260L, -909474028L, 2091772610L, 
1947931360L, -2022357892L, 489598160L, 2110391202L, -1122468312L, 
1049907468L, -2050508868L, 243777842L, 911349952L, 1279914548L, 
2057611976L, -1723690310L, 1774754960L, 191018732L, 2056173140L, 
2091742866L, 43575072L, -2013653044L, 684665056L, 817045186L, 
-1405037528L, -1821525076L, -849487172L, 1985094130L, -1501628880L, 
-2026104924L, -888286792L, 871312218L, -494607216L, 37444476L, 
1233809172L, 1286778178L, -682488064L, -1799029828L, -895848624L, 
-1413074654L, 955681352L, -360114164L, -1772893092L, -2116013614L, 
-1454967296L, 674738516L, -792940312L, 104132858L, -183798064L, 
-987420372L, -1175729932L, 1747066258L, -297866912L, 869820428L, 
701246176L, -532860318L, -1144665432L, 141429324L, 1621219196L, 
-1313782263L, -2132193506L, -1095616820L, 426727069L, -214654169L, 
2124991824L, 338342894L, -379487077L, -878553347L, -1711006230L, 
-2144964984L, 847288369L, 935764643L, 24472228L, 1706277714L, 
1913377447L, -983159055L, -115524042L, 1727537876L, 156694117L, 
1296753775L, -326361432L, 756628486L, 1168034099L, -1259596395L, 
442972658L, -1965574592L, -244082775L, 583146011L, 60535788L, 
-895495174L, 91283503L, 1805275193L, -1101454770L, -848518500L, 
655829005L, 1075049591L, 1675846784L, 1564324574L, -1907940949L, 
-480339283L, 862387994L, 2005884888L, 1079176257L, -1943315725L, 
909712660L, -167810910L, -696506953L, -1865598591L, 764149638L, 
-739463740L, 1556057333L, 528098655L, 636635064L, -94508394L, 
1032656035L, 1844686437L, -320660606L, -1195845392L, 1515700377L, 
537122955L, 998834556L, 691011498L, 1468284895L, -1592742551L, 
547393918L, 1217544556L, -1978320451L, 1440803463L, -190239120L, 
-1419086578L, 1304091195L, -1894211299L, 1898894282L, 236326120L, 
-22925359L, -1028767293L, 783084228L, -1448547982L, -1854770105L, 
-2013259759L, -1658355306L, -1358506764L, -969236859L, 1557297103L, 
-1259653432L, 404434790L, -1703979629L, 1473029877L, -1443182894L, 
-754642656L, 1279836425L, -608803269L, -173294708L, -1359406566L, 
-1941722481L, 841840089L, -1363813778L, -773191172L, 1511730029L, 
1273820439L, -1361657632L, 1245886142L, 75199627L, -1096350963L, 
1385210682L, 512662392L, -809277151L, -961035821L, -1913671436L, 
-1266052734L, 42931223L, 2036105953L, 1058061350L, -646059740L, 
-735450667L, -852671105L, -1218216936L, 680342326L, 1771054531L, 
2101431301L, -381319262L, -1532673136L, -1653897415L, -1610337301L, 
977192156L, -804397814L, 1221198847L, 1730442825L, -2147400738L, 
-785376372L, 516258653L, 1392560999L, 1310605456L, 509697710L, 
1673689947L, -642692291L, 1824571818L, 2086022728L, -877224335L, 
-1429045277L, -1958499612L, 303092242L, 577848807L, 1078153649L, 
1936111606L, -1823503852L, -2060929755L, 1259922991L, 202523624L, 
